<?xml version="1.0"?>
<opencv_storage>
<obstacles>
  <_>
    304 1117 383 1190 402 1082</_>
  <_>
    566 1033 603 1108 614 1116 697 1119 741 1044 706 971 696 960 610 957</_>
  <_>
    271 608 280 671 292 693 363 701 396 627 345 574 335 572</_>
  <_>
    479 292 480 369 545 395 597 335 554 267</_></obstacles>
<victims>
  <_>
    719 235 734 269 766 299 791 308 834 307 872 285 894 253 901 214 896
    186 882 159 856 134 821 122 776 125 747 143 723 176</_>
  <_>
    469 791 485 828 512 855 537 866 579 866 613 851 634 828 649 785 645
    749 612 700 578 684 535 684 504 699 483 724 476 743</_>
  <_>
    45 1166 52 1209 72 1241 99 1262 131 1270 169 1265 215 1219 223 1186
    217 1147 198 1116 172 1096 145 1087 102 1091 70 1112 52 1140</_>
  <_>
    166 334 178 367 200 393 235 411 262 413 292 405 327 377 340 351 344
    312 336 282 314 251 282 232 245 227 205 243 183 265 167 301</_></victims>
<gate>
  <_>
    244 1383 246 1473 423 1475 425 1416 418 1387</_></gate>
</opencv_storage>
