<?xml version="1.0"?>
<opencv_storage>
<obstacles>
  <_>
    309 1122 385 1194 398 1151 402 1088</_>
  <_>
    571 1032 602 1099 618 1117 697 1120 743 1040 706 967 688 961 615 963</_>
  <_>
    276 611 276 632 290 692 361 703 372 694 397 629 351 580 338 575</_>
  <_>
    484 312 488 370 548 393 597 334 557 271 493 287</_></obstacles>
<victims>
  <_>
    720 205 723 237 737 269 769 299 827 309 861 294 887 267 899 241 900
    199 883 160 857 135 822 123 780 126 748 146 732 167</_>
  <_>
    471 771 476 807 492 835 521 860 540 868 582 868 615 853 637 829 651
    791 650 756 632 720 602 695 572 685 532 688 505 704 488 725 477 753</_>
  <_>
    45 1181 52 1219 66 1245 99 1273 136 1281 168 1276 192 1260 216 1229
    224 1196 218 1155 177 1107 148 1097 104 1101 71 1123 52 1153</_>
  <_>
    169 340 180 370 213 404 264 415 294 407 329 379 344 348 347 319 339
    284 318 254 285 234 252 229 215 241 187 266 170 303</_></victims>
<gate>
  <_>
    245 1395 248 1485 427 1482 428 1423 421 1396</_></gate>
</opencv_storage>
