<?xml version="1.0"?>
<opencv_storage>
<obstacles>
  <_>
    182 617 195 659 207 658 228 635 225 625</_>
  <_>
    244 418 275 417 274 388 245 390</_>
  <_>
    131 257 160 271 171 270 192 245 176 211 134 220</_>
  <_>
    254 225 259 265 268 274 311 283 341 252 335 217 324 206 283 197</_>
  <_>
    167 84 193 98 204 98 224 80 227 67 211 38 171 43</_></obstacles>
<victims>
  <_>
    291 545 298 565 309 579 325 586 347 587 363 582 376 571 383 559 386
    537 382 523 370 508 357 500 334 497 304 510 294 527</_>
  <_>
    77 377 93 406 133 417 163 400 171 380 171 365 161 341 139 327 118
    325 101 331 80 356</_>
  <_>
    360 157 374 185 392 195 416 197 432 190 449 173 453 139 444 120 434
    112 415 105 398 105 370 121 362 135</_>
  <_>
    40 156 47 174 73 193 107 192 124 179 133 163 135 139 130 126 113 108
    100 102 84 102 58 111 42 133</_></victims>
<victimsNum>
  2 2 4 1</victimsNum>
<gate>
  <_>
    0 517 0 606 19 612 40 611 45 519</_></gate>
</opencv_storage>
