<?xml version="1.0"?>
<opencv_storage>
<obstacles>
  <_>
    184 616 196 662 207 661 233 633 231 624</_>
  <_>
    244 387 245 417 277 413 274 385</_>
  <_>
    131 250 138 260 169 270 190 248 193 234 177 207 136 216</_>
  <_>
    255 224 261 267 279 276 314 280 344 250 334 204 287 193</_>
  <_>
    168 81 197 97 205 97 229 72 218 36 183 35 169 49</_></obstacles>
<victims>
  <_>
    295 548 300 564 311 579 323 584 362 582 383 562 389 545 385 524 372
    506 353 495 333 494 317 499 297 522</_>
  <_>
    78 371 82 387 94 403 129 414 150 408 162 399 169 388 173 359 159 334
    138 323 120 322 91 337</_>
  <_>
    364 129 365 166 384 188 408 194 426 191 454 162 454 141 447 117 424
    104 385 106</_>
  <_>
    42 152 50 173 58 181 91 191 123 180 134 163 136 141 132 126 117 107
    102 99 84 97 52 116 44 130</_></victims>
<victimsNum>
  2 3 4 1</victimsNum>
<gate>
  <_>
    0 516 0 611 45 610 44 516</_></gate>
</opencv_storage>
