<?xml version="1.0"?>
<opencv_storage>
<mapsFolder>data/map</mapsFolder>
<mapsNames>
  "2018-12-19-174832.jpg" "2018-12-19-174916.jpg"
  "2018-12-19-174821.jpg" "2018-12-19-174841.jpg"
  "2018-12-19-174657.jpg" "2018-12-19-174832.jpg"
  "2018-12-19-174916.jpg" "2018-12-19-174821.jpg"
  "2018-12-19-174841.jpg" "2018-12-19-174657.jpg"
  "2018-12-19-174832.jpg" "2018-12-19-174916.jpg"
  "2018-12-19-174821.jpg" "2018-12-19-174841.jpg"
  "2018-12-19-174657.jpg" "2018-12-19-174832.jpg"
  "2018-12-19-174916.jpg" "2018-12-19-174821.jpg"
  "2018-12-19-174841.jpg" "2018-12-19-174657.jpg"</mapsNames>
<mapsUnNames>
  "2018-12-19-174851_UN.jpg" "2018-12-19-174UN926.jpg"
  "2018-UN12-19-174859.jpg" "2018-12-19-174851_UN.jpg"
  "2018-12-19-174UN926.jpg" "2018-UN12-19-174859.jpg"
  "2018-12-19-174851_UN.jpg" "2018-12-19-174UN926.jpg"
  "2018-UN12-19-174859.jpg" "2018-12-19-174851_UN.jpg"
  "2018-12-19-174UN926.jpg" "2018-UN12-19-174859.jpg"</mapsUnNames>
<calibrationFile>data/intrinsic_calibration.xml</calibrationFile>
<blackMask>
  0 91 0 180 255 56</blackMask>
<redMask>
  0 0 0 151 255 255</redMask>
<greenMask>
  54 84 48 80 255 170</greenMask>
<blueMask>
  88 182 86 124 235 195</blueMask>
<victimMask>
  0 173 48 95 255 138</victimMask>
  <whiteMask>
  0 173 48 95 255 138</whiteMask>
<kernelSide>9</kernelSide>
<convexHullFile>data/convexHull.xml</convexHullFile>
<templatesFolder>data/num_template/</templatesFolder>
<templates>
  </templates>
</opencv_storage>
